   1 188   1   0  0.1159222E+02  0.1500000E+04
  CAR 
 unknown system                          
   0   0   0
   1   1
 256 256 256
 256
  0.1000000E-09
  0.6250000E-11
   1
  0.2000000E-14  0.1296520E-08  0.1296500E-08  0.1296500E-08
  0.1491518E+04  0.1499825E+04
  0.000
  0.000
  0.000
  0.000
  0.000
  0.000
  0.000
  0.000
  0.000
  0.000
  0.000
  0.000
  0.000
  0.000
  0.000
  0.000
  0.000
  0.000
  0.000
  0.000
  0.000
  0.000
  0.000
  0.003
  0.028
  0.120
  0.341
  0.627
  0.862
  0.970
  1.097
  1.261
  1.373
  1.360
  1.252
  1.150
  1.101
  1.105
  1.107
  1.080
  1.034
  1.017
  1.032
  1.083
  1.180
  1.287
  1.367
  1.396
  1.376
  1.295
  1.185
  1.060
  0.948
  0.862
  0.822
  0.811
  0.814
  0.816
  0.812
  0.815
  0.821
  0.836
  0.856
  0.892
  0.939
  0.975
  1.009
  1.023
  1.037
  1.036
  1.046
  1.057
  1.068
  1.065
  1.054
  1.030
  0.997
  0.960
  0.933
  0.911
  0.903
  0.912
  0.939
  0.971
  1.012
  1.050
  1.080
  1.104
  1.123
  1.126
  1.118
  1.110
  1.095
  1.070
  1.044
  1.013
  0.980
  0.951
  0.929
  0.911
  0.906
  0.912
  0.921
  0.930
  0.939
  0.943
  0.943
  0.944
  0.948
  0.957
  0.968
  0.987
  1.012
  1.041
  1.072
  1.099
  1.119
  1.127
  1.124
  1.108
  1.087
  1.053
  1.027
  1.007
  0.992
  0.984
  0.980
  0.972
  0.964
  0.955
  0.943
  0.934
  0.933
  0.939
  0.948
  0.962
  0.978
  0.991
  0.998
  1.004
  1.000
  0.998
  0.996
  0.995
  0.999
  1.006
  1.014
  1.022
  1.025
  1.029
  1.032
  1.032
  1.026
  1.021
  1.015
  1.007
  0.999
  0.992
  0.984
  0.973
  0.959
  0.950
  0.943
  0.941
  0.943
  0.948
  0.960
  0.974
  0.990
  1.008
  1.027
  1.047
  1.067
  1.084
  1.095
  1.101
  1.099
  1.083
  1.058
  1.031
  0.998
  0.970
  0.950
  0.939
  0.934
  0.934
  0.943
  0.949
  0.956
  0.958
  0.960
  0.958
  0.956
  0.954
  0.961
  0.964
  0.973
  0.984
  0.996
  1.011
  1.027
  1.042
  1.054
  1.062
  1.065
  1.061
  1.052
  1.037
  1.023
  1.008
  0.994
  0.984
  0.978
  0.973
  0.967
  0.960
  0.948
  0.935
  0.919
  0.906
  0.897
  0.894
  0.897
  0.908
  0.923
  0.942
  0.966
  0.989
  1.009
  1.027
  1.038
  1.046
  1.049
  1.049
  1.049
  1.051
  1.057
  1.063
  1.067
  1.067
  1.062
  1.051
  1.037
  1.025
  1.013
  1.000
  0.988
  0.978
  0.969
  0.962
  0.957
  0.952
  0.951
  0.950
  0.951
  0.953
