   1 188   1   0  0.1159222E+02  0.1500000E+04
  CAR 
 unknown system                          
   0   0   0
   1   1
 256 256 256
 256
  0.1000000E-09
  0.6250000E-11
   1
  0.2000000E-14  0.1296520E-08  0.1296500E-08  0.1296500E-08
  0.1491739E+04  0.1500107E+04
  0.000
  0.000
  0.000
  0.000
  0.000
  0.000
  0.000
  0.000
  0.000
  0.000
  0.000
  0.000
  0.000
  0.000
  0.000
  0.000
  0.000
  0.000
  0.000
  0.000
  0.000
  0.000
  0.000
  0.003
  0.024
  0.117
  0.333
  0.622
  0.859
  0.977
  1.095
  1.254
  1.381
  1.369
  1.244
  1.146
  1.107
  1.101
  1.095
  1.073
  1.050
  1.021
  1.030
  1.090
  1.182
  1.290
  1.372
  1.399
  1.368
  1.297
  1.192
  1.064
  0.951
  0.870
  0.817
  0.804
  0.810
  0.815
  0.811
  0.811
  0.823
  0.833
  0.856
  0.892
  0.936
  0.975
  1.007
  1.024
  1.030
  1.035
  1.041
  1.054
  1.068
  1.064
  1.053
  1.031
  0.999
  0.962
  0.932
  0.918
  0.910
  0.918
  0.940
  0.972
  1.011
  1.047
  1.082
  1.106
  1.122
  1.127
  1.119
  1.111
  1.091
  1.067
  1.041
  1.010
  0.979
  0.951
  0.929
  0.914
  0.911
  0.910
  0.920
  0.931
  0.937
  0.940
  0.943
  0.945
  0.947
  0.955
  0.969
  0.990
  1.015
  1.044
  1.073
  1.097
  1.115
  1.127
  1.124
  1.107
  1.083
  1.054
  1.031
  1.008
  0.993
  0.983
  0.979
  0.971
  0.962
  0.952
  0.942
  0.937
  0.936
  0.941
  0.951
  0.963
  0.980
  0.993
  0.998
  1.001
  1.000
  0.998
  0.997
  0.997
  0.998
  1.006
  1.012
  1.017
  1.024
  1.030
  1.030
  1.030
  1.028
  1.022
  1.015
  1.009
  0.998
  0.989
  0.979
  0.971
  0.962
  0.953
  0.945
  0.942
  0.944
  0.950
  0.960
  0.976
  0.992
  1.009
  1.029
  1.046
  1.063
  1.080
  1.092
  1.097
  1.095
  1.084
  1.062
  1.031
  1.000
  0.972
  0.951
  0.939
  0.935
  0.935
  0.941
  0.949
  0.955
  0.959
  0.960
  0.958
  0.956
  0.956
  0.959
  0.966
  0.974
  0.985
  0.997
  1.012
  1.025
  1.039
  1.052
  1.061
  1.064
  1.059
  1.052
  1.041
  1.024
  1.009
  0.995
  0.985
  0.978
  0.972
  0.965
  0.957
  0.948
  0.935
  0.920
  0.907
  0.898
  0.894
  0.897
  0.908
  0.923
  0.944
  0.966
  0.988
  1.009
  1.027
  1.038
  1.044
  1.046
  1.048
  1.050
  1.053
  1.057
  1.063
  1.068
  1.066
  1.061
  1.050
  1.038
  1.026
  1.013
  0.999
  0.989
  0.979
  0.970
  0.962
  0.956
  0.953
  0.950
  0.951
  0.951
  0.954
