   1 192   1   0  0.1135071E+02  0.1500000E+04
  CAR 
 unknown system                          
   0   0   0
   1   1
 256 256 256
 256
  0.1000000E-09
  0.6250000E-11
   1
  0.2000000E-14  0.1296520E-08  0.1296500E-08  0.1296500E-08
  0.1491428E+04  0.1500023E+04
  0.000
  0.000
  0.000
  0.000
  0.000
  0.000
  0.000
  0.000
  0.000
  0.000
  0.000
  0.000
  0.000
  0.000
  0.000
  0.000
  0.000
  0.000
  0.000
  0.000
  0.000
  0.000
  0.000
  0.004
  0.029
  0.124
  0.316
  0.578
  0.824
  0.988
  1.134
  1.308
  1.425
  1.400
  1.288
  1.169
  1.125
  1.113
  1.121
  1.094
  1.053
  1.024
  1.027
  1.072
  1.172
  1.277
  1.364
  1.403
  1.377
  1.303
  1.199
  1.065
  0.947
  0.858
  0.805
  0.791
  0.800
  0.807
  0.804
  0.800
  0.801
  0.818
  0.836
  0.872
  0.920
  0.965
  0.998
  1.014
  1.024
  1.032
  1.042
  1.057
  1.072
  1.079
  1.070
  1.044
  1.013
  0.977
  0.945
  0.922
  0.916
  0.923
  0.949
  0.978
  1.015
  1.049
  1.078
  1.099
  1.116
  1.124
  1.122
  1.108
  1.090
  1.067
  1.035
  1.004
  0.975
  0.947
  0.925
  0.914
  0.910
  0.916
  0.924
  0.928
  0.939
  0.940
  0.938
  0.941
  0.948
  0.954
  0.968
  0.990
  1.014
  1.046
  1.074
  1.098
  1.117
  1.130
  1.126
  1.111
  1.087
  1.057
  1.034
  1.012
  0.999
  0.991
  0.982
  0.975
  0.965
  0.952
  0.940
  0.934
  0.938
  0.942
  0.951
  0.964
  0.979
  0.988
  0.994
  0.998
  0.997
  0.990
  0.987
  0.988
  0.994
  1.002
  1.014
  1.020
  1.029
  1.031
  1.033
  1.030
  1.028
  1.019
  1.012
  1.005
  0.997
  0.989
  0.981
  0.971
  0.963
  0.957
  0.947
  0.945
  0.946
  0.954
  0.965
  0.979
  0.995
  1.012
  1.029
  1.042
  1.060
  1.075
  1.085
  1.095
  1.096
  1.083
  1.060
  1.030
  1.000
  0.972
  0.953
  0.940
  0.936
  0.937
  0.941
  0.947
  0.952
  0.956
  0.959
  0.959
  0.958
  0.959
  0.961
  0.968
  0.977
  0.988
  1.000
  1.013
  1.026
  1.038
  1.051
  1.061
  1.065
  1.063
  1.055
  1.043
  1.030
  1.014
  1.000
  0.986
  0.977
  0.972
  0.964
  0.956
  0.945
  0.931
  0.919
  0.905
  0.896
  0.892
  0.895
  0.905
  0.922
  0.941
  0.963
  0.987
  1.008
  1.024
  1.036
  1.044
  1.049
  1.049
  1.049
  1.051
  1.058
  1.065
  1.069
  1.070
  1.064
  1.055
  1.043
  1.030
  1.017
  1.004
  0.988
  0.977
  0.964
  0.957
  0.951
  0.948
  0.947
  0.947
  0.950
  0.953
