   1 188   1   0  0.1159222E+02  0.1500000E+04
  CAR 
 unknown system                          
   0   0   0
   1   1
 256 256 256
 256
  0.1000000E-09
  0.6250000E-11
   1
  0.2000000E-14  0.1296520E-08  0.1296500E-08  0.1296500E-08
  0.1491689E+04  0.1499770E+04
  0.000
  0.000
  0.000
  0.000
  0.000
  0.000
  0.000
  0.000
  0.000
  0.000
  0.000
  0.000
  0.000
  0.000
  0.000
  0.000
  0.000
  0.000
  0.000
  0.000
  0.000
  0.000
  0.000
  0.003
  0.026
  0.117
  0.337
  0.624
  0.839
  0.973
  1.099
  1.272
  1.384
  1.364
  1.239
  1.133
  1.099
  1.095
  1.108
  1.084
  1.042
  1.021
  1.025
  1.084
  1.181
  1.291
  1.369
  1.409
  1.387
  1.302
  1.192
  1.067
  0.951
  0.866
  0.814
  0.803
  0.803
  0.811
  0.814
  0.814
  0.815
  0.830
  0.858
  0.899
  0.936
  0.974
  0.997
  1.022
  1.027
  1.031
  1.044
  1.057
  1.075
  1.072
  1.058
  1.030
  0.998
  0.960
  0.933
  0.914
  0.908
  0.917
  0.940
  0.972
  1.012
  1.050
  1.082
  1.104
  1.118
  1.125
  1.122
  1.111
  1.088
  1.066
  1.042
  1.012
  0.978
  0.952
  0.931
  0.914
  0.910
  0.912
  0.922
  0.931
  0.940
  0.941
  0.942
  0.943
  0.946
  0.953
  0.966
  0.989
  1.018
  1.044
  1.073
  1.098
  1.116
  1.127
  1.122
  1.109
  1.085
  1.055
  1.028
  1.008
  0.993
  0.985
  0.978
  0.971
  0.960
  0.950
  0.944
  0.936
  0.934
  0.941
  0.953
  0.964
  0.978
  0.990
  1.000
  1.002
  1.002
  0.999
  0.996
  0.994
  1.000
  1.004
  1.013
  1.021
  1.026
  1.030
  1.031
  1.030
  1.027
  1.021
  1.015
  1.007
  0.998
  0.991
  0.981
  0.971
  0.959
  0.953
  0.943
  0.942
  0.947
  0.952
  0.960
  0.974
  0.989
  1.008
  1.025
  1.045
  1.066
  1.079
  1.093
  1.101
  1.097
  1.087
  1.063
  1.033
  1.001
  0.973
  0.951
  0.939
  0.934
  0.933
  0.938
  0.944
  0.953
  0.957
  0.959
  0.958
  0.958
  0.957
  0.959
  0.966
  0.974
  0.985
  0.998
  1.012
  1.026
  1.042
  1.053
  1.061
  1.064
  1.064
  1.053
  1.039
  1.024
  1.006
  0.993
  0.984
  0.978
  0.971
  0.964
  0.958
  0.948
  0.934
  0.919
  0.907
  0.900
  0.894
  0.898
  0.907
  0.925
  0.944
  0.967
  0.989
  1.008
  1.025
  1.037
  1.044
  1.047
  1.048
  1.049
  1.052
  1.056
  1.064
  1.068
  1.066
  1.059
  1.051
  1.040
  1.026
  1.013
  1.001
  0.990
  0.979
  0.968
  0.961
  0.956
  0.952
  0.951
  0.949
  0.951
  0.954
