   1 190   1   0  0.1147019E+02  0.1500000E+04
  CAR 
 unknown system                          
   0   0   0
   1   1
 256 256 256
 256
  0.1000000E-09
  0.6250000E-11
   1
  0.2000000E-14  0.1296520E-08  0.1296500E-08  0.1296500E-08
  0.1491418E+04  0.1500020E+04
  0.000
  0.000
  0.000
  0.000
  0.000
  0.000
  0.000
  0.000
  0.000
  0.000
  0.000
  0.000
  0.000
  0.000
  0.000
  0.000
  0.000
  0.000
  0.000
  0.000
  0.000
  0.000
  0.000
  0.003
  0.025
  0.116
  0.328
  0.613
  0.835
  0.973
  1.118
  1.277
  1.396
  1.380
  1.266
  1.148
  1.099
  1.114
  1.112
  1.092
  1.047
  1.018
  1.021
  1.084
  1.189
  1.298
  1.374
  1.402
  1.383
  1.306
  1.195
  1.068
  0.957
  0.868
  0.818
  0.794
  0.796
  0.804
  0.802
  0.802
  0.801
  0.815
  0.848
  0.884
  0.923
  0.963
  0.993
  1.015
  1.026
  1.034
  1.048
  1.059
  1.071
  1.074
  1.067
  1.040
  1.005
  0.973
  0.941
  0.920
  0.916
  0.923
  0.947
  0.981
  1.016
  1.049
  1.077
  1.102
  1.111
  1.120
  1.119
  1.111
  1.092
  1.066
  1.037
  1.006
  0.977
  0.950
  0.928
  0.914
  0.909
  0.909
  0.920
  0.929
  0.937
  0.942
  0.944
  0.944
  0.948
  0.956
  0.974
  0.992
  1.014
  1.043
  1.071
  1.098
  1.116
  1.123
  1.121
  1.107
  1.085
  1.060
  1.033
  1.013
  0.997
  0.985
  0.981
  0.972
  0.964
  0.953
  0.943
  0.940
  0.938
  0.943
  0.951
  0.963
  0.979
  0.988
  0.994
  0.999
  0.997
  0.993
  0.993
  0.993
  0.997
  1.004
  1.012
  1.020
  1.024
  1.028
  1.030
  1.030
  1.026
  1.022
  1.016
  1.009
  0.999
  0.991
  0.982
  0.969
  0.958
  0.951
  0.946
  0.944
  0.948
  0.954
  0.964
  0.977
  0.995
  1.011
  1.028
  1.043
  1.061
  1.079
  1.090
  1.097
  1.093
  1.083
  1.059
  1.029
  0.999
  0.973
  0.953
  0.941
  0.937
  0.936
  0.941
  0.947
  0.952
  0.956
  0.956
  0.956
  0.957
  0.959
  0.963
  0.968
  0.976
  0.988
  1.000
  1.013
  1.026
  1.039
  1.052
  1.062
  1.065
  1.062
  1.053
  1.040
  1.025
  1.011
  0.997
  0.984
  0.976
  0.969
  0.964
  0.955
  0.946
  0.934
  0.920
  0.908
  0.900
  0.898
  0.900
  0.909
  0.925
  0.943
  0.965
  0.986
  1.006
  1.023
  1.035
  1.043
  1.046
  1.047
  1.049
  1.053
  1.057
  1.064
  1.067
  1.067
  1.061
  1.052
  1.041
  1.027
  1.016
  1.004
  0.991
  0.980
  0.969
  0.961
  0.954
  0.950
  0.947
  0.948
  0.949
  0.952
